[ ip ] [cmd ] [  arg1  ] [  arg2  ]
[0000] [0033] [000003e8] 
[0005] [0073] [00000004] 
[0010] [0008] 
[0011] [0073] [00000001] 
[0016] [0008] 
[0017] [0073] [00000002] 
[0022] [0008] 
[0023] [0073] [00000003] 
[0028] [0033] [00000000] 
[0033] [0065] [00000001] 
[0038] [0015] [00000035] 
[0043] [0021] [00000054] 
[0048] [0010] [0000004e] 
[0053] [0065] [00000002] 
[0058] [0073] [00000001] 
[0063] [0065] [00000003] 
[0068] [0073] [00000002] 
[0073] [0021] [000000bc] 
[0078] [0010] [0000000a] 
[0083] [0000] 
[0084] [0065] [00000002] 
[0089] [0033] [ffffffff] 
[0094] [0004] 
[0095] [0065] [00000004] 
[0100] [0004] 
[0101] [0021] [000000e9] 
[0106] [0065] [00000004] 
[0111] [0065] [00000004] 
[0116] [0004] 
[0117] [0004] 
[0118] [0027] 
[0119] [0002] 
[0120] [0065] [00000001] 
[0125] [0033] [00000002] 
[0130] [0004] 
[0131] [0005] 
[0132] [0029] 
[0133] [0065] [00000002] 
[0138] [0033] [ffffffff] 
[0143] [0004] 
[0144] [0065] [00000004] 
[0149] [0004] 
[0150] [0021] [000000e9] 
[0155] [0065] [00000004] 
[0160] [0065] [00000004] 
[0165] [0004] 
[0166] [0004] 
[0167] [0027] 
[0168] [0003] 
[0169] [0065] [00000001] 
[0174] [0033] [00000002] 
[0179] [0004] 
[0180] [0005] 
[0181] [0029] 
[0182] [0051] [00000002] 
[0187] [0022] 
[0188] [0065] [00000001] 
[0193] [0033] [00000000] 
[0198] [0015] [00000139] 
[0203] [0065] [00000002] 
[0208] [0033] [ffffffff] 
[0213] [0004] 
[0214] [0065] [00000004] 
[0219] [0004] 
[0220] [0065] [00000001] 
[0225] [0005] 
[0226] [0029] 
[0227] [0051] [00000001] 
[0232] [0022] 
[0233] [0065] [00000002] 
[0238] [0065] [00000002] 
[0243] [0004] 
[0244] [0033] [00000004] 
[0249] [0065] [00000001] 
[0254] [0065] [00000003] 
[0259] [0004] 
[0260] [0004] 
[0261] [0003] 
[0262] [0073] [00000005] 
[0267] [0065] [00000005] 
[0272] [0033] [00000000] 
[0277] [0011] [0000012f] 
[0282] [0065] [00000005] 
[0287] [0033] [00000000] 
[0292] [0015] [00000143] 
[0297] [0065] [00000005] 
[0302] [0022] 
[0303] [0051] [00000000] 
[0308] [0010] [0000000a] 
[0313] [0051] [07f872f5] 
[0318] [0010] [0000000a] 
[0323] [0065] [00000002] 
[0328] [0033] [ffffffff] 
[0333] [0004] 
[0334] [0065] [00000004] 
[0339] [0004] 
[0340] [0033] [00000002] 
[0345] [0065] [00000001] 
[0350] [0004] 
[0351] [0005] 
[0352] [0029] 
[0353] [0051] [00000001] 
[0358] [0010] [0000000a] 

Named labels
{
    "               start" = 10
    "             //right" = 53
    "                here" = 53
    "              finish" = 78
    "    quadratic_solver" = 84
    "       linear_solver" = 188
    "        discreminant" = 233
    "            no_roots" = 303
    "           inf_roots" = 313
    "            one_root" = 323
}
